Model's Internal Feature Importances:
====================================

SpEn: 0.234529
Detail1_Energy: 0.173940
Detail2_Energy: 0.122162
STDcA: 0.099844
Detail3_Energy: 0.098217
AEcA: 0.076720
MAVcA: 0.071423
LF_Power: 0.052082
HF_Power: 0.042578
LF_HF_Ratio: 0.028506
