Model's Internal Feature Importances:
====================================

SpEn: 0.149607
Detail2_Energy: 0.149005
MAVcA: 0.121873
Detail1_Energy: 0.114341
VFCDM_Centroid: 0.100102
VFCDM_Flatness: 0.079908
HF_Power: 0.078836
STDcA: 0.060422
LF_Power: 0.058791
Detail3_Energy: 0.040055
AEcA: 0.030694
LF_HF_Ratio: 0.016367
